TIME  VAUXP[6] VAUXN[6] VAUXP[7] VAUXN[7] VAUXP[14] VAUXN[14] VAUXP[15] VAUXN[15]
00000 1.000000 0.000000 1.000000 0.000000  1.000000  0.000000  1.000000  0.000000
02080 0.000000 0.000000 0.000000 0.000000  0.407362  0.407362  0.452896  0.452896
04160 0.000015 0.000000 0.066667 0.000000  0.126010  0.063493  1.186161  0.456688
06240 0.000031 0.000000 0.133333 0.000000  0.441212  0.316180  0.918611  0.048770
08320 0.000046 0.000000 0.200000 0.000000  0.326798  0.139249  0.319050  0.273441
10400 0.000061 0.000000 0.266667 0.000000  0.728818  0.478753  1.353261  0.482444
12480 0.000076 0.000000 0.333333 0.000000  0.391388  0.078807  1.481115  0.485296
14560 0.000092 0.000000 0.400000 0.000000  0.853681  0.478583  0.289274  0.242688
16640 0.000107 0.000000 0.466667 0.000000  0.837754  0.400140  0.742355  0.070943
18720 0.000122 0.000000 0.533333 0.000000  0.711010  0.210881  1.202706  0.457868
20800 0.000137 0.000000 0.600000 0.000000  0.958750  0.396104  1.225592  0.479746
22880 0.000153 0.000000 0.666667 0.000000  0.953032  0.327870  0.071278  0.017856
24960 0.000168 0.000000 0.733333 0.000000  1.112243  0.424565  0.528231  0.466997
27040 0.000183 0.000000 0.800000 0.000000  1.089562  0.339368  0.428386  0.378870
29120 0.000198 0.000000 0.866667 0.000000  1.184277  0.371566  0.238320  0.196114
31200 0.000214 0.000000 0.933333 0.000000  1.202966  0.327739  0.135078  0.085593
33280 0.000229 0.000000 1.000000 0.000000  1.290766  0.353023  0.995881  0.015916